15
4 39 1
946314499 263437103 119367338 949415000
4 53 1
682682606 453856945 483222636 553847514
10 85 1
11926426 973522366 472918594 801420216 944148338 939276814 658501328 884770865 257768820 929024966
4 20 1
234974030 769463930 462928560 541883569
3 36 1
248064102 140039450 374856198
4 51 1
595195283 758826024 132028475 229687951
2 9 1
655812277 788205502
6 41 1
165031407 613232688 115675974 811216328 363589536 563163661
9 42 1
710500155 605349028 80154340 324351809 318890045 821358347 415407337 836086755 865765627
6 20 1
742485162 757175712 430237079 338311662 16420463 502341360
7 41 1
105226366 217852276 989353009 182593827 643324130 12258444 618211435
3 22 1
621436978 363366792 331842183
5 40 1
197565194 90690642 680818557 641517473 353881431
9 4 1
372059141 733894646 831207113 400332296 876188509 647380681 887877668 726076500 555842754
10 22 1
518091501 709147814 478367952 713078294 827192407 583060718 130001291 603047486 142872099 679690593
